A: (0.0, 0.97083), (0.01875, 1.0), (0.0, 0.0)
B: (0.01875, 0.97083), (0.0375, 1.0), (0.0, 0.0)
C: (0.0375, 0.97083), (0.05625, 1.0), (0.0, 0.0)
D: (0.05625, 0.97083), (0.075, 1.0), (0.0, 0.0)
E: (0.075, 0.97083), (0.09375, 1.0), (0.0, 0.0)
F: (0.09375, 0.97083), (0.1125, 1.0), (0.0, 0.0)
G: (0.1125, 0.97083), (0.13125, 1.0), (0.0, 0.0)
H: (0.13125, 0.97083), (0.15, 1.0), (0.0, 0.0)
I: (0.15, 0.97083), (0.165625, 1.0), (0.0, 0.0)
J: (0.165625, 0.97083), (0.184375, 1.0), (0.0, 0.0)
K: (0.184375, 0.97083), (0.203125, 1.0), (0.0, 0.0)
L: (0.203125, 0.97083), (0.21875, 1.0), (0.0, 0.0)
M: (0.21875, 0.97083), (0.240625, 1.0), (0.0, 0.0)
N: (0.240625, 0.97083), (0.259375, 1.0), (0.0, 0.0)
O: (0.259375, 0.97083), (0.278125, 1.0), (0.0, 0.0)
P: (0.0, 0.941667), (0.01875, 0.97083), (0.0, 0.0)
Q: (0.01875, 0.941667), (0.0375, 0.97083), (0.0, 0.0)
R: (0.0375, 0.941667), (0.05625, 0.97083), (0.0, 0.0)
S: (0.05625, 0.941667), (0.075, 0.97083), (0.0, 0.0)
T: (0.075, 0.941667), (0.090625, 0.97083), (0.0, 0.0)
U: (0.090625, 0.941667), (0.109375, 0.97083), (0.0, 0.0)
V: (0.0, 0.0), (0.0, 0.0), (0.0, 0.0)
W: (0.13125, 0.941667), (0.153125, 0.97083), (0.0, 0.0)
X: (50w, 13), (55w, 8), (0.0, 0.0)
Y: (0.175, 0.941667), (0.196875, 0.97083), (0.0, 0.0)
Z: (0.0, 0.0), (0.0, 0.0), (0.0, 0.0)
SPACE: (0.25, 0.924), (0.26, 0.925), (0.0, 0.0)
map_right: (0.0, 0.0), (0.5, 0.5), (0.25, 0.25)
map_left: (0.5, 0.0), (1.0, 0.5), (0.75, 0.25)
map_middle: (0.5, 0.5), (1.0, 1.0), (0.75, 0.75)
player: (0.0, 0.845833), (0.021875, 0.916667), (0.0, 0.0)
player_holding: (10w, 37), (17w, 20), (0.0, 0.0)
crystal: (0.0, 0.7833333333), (0.01875, 0.8333333333), (0.0, 0.0)
apple: (0w, 69), (8w, 60), (0.0, 0.0)
boards: (12w, 49), (23w, 40), (0,0)
bridge: (24w, 51), (36w, 40), (0,0)
pickaxe: (36w, 49), (46w, 40), (0,0)
long_knife: (48w, 47), (57w, 40), (0,0)
key: (60w, 48), (69w, 40), (0,0)
pickaxe_head: (72w, 47), (82w, 40), (0,0)
rope: (84w, 48), (92w, 40), (0,0)
knife: (96w, 47), (100w, 40), (0,0)
coin: (108w, 48), (115w, 40), (0,0)
hole: (120w, 50), (131w, 40), (0,0)
stick: (132w, 48), (134w, 40), (0,0)
rod: (144w, 49), (152w, 40), (0,0)
rock: (12w, 66), (17w, 60), (0,0)
door: (0w, 94), (15w, 70), (0,0)
scale: (24w, 95), (60w, 70), (0,0)
scale_unbalanced: (60w, 103), (90w, 70), (0,0)